100 0  100 -20 100 20 200 0  200 -20 200 20 300 0  300 -20 300 20
120 5  120 -15 120 25 220 5  220 -15 220 25 320 5  320 -15 320 25
140 10 140 -10 140 30 240 10 240 -10 240 30 340 10 340 -10 340 30
160 15 160 -5  160 35 260 15 260 -5  260 35 360 15 360 -5  360 35


---Archived---
0 0 100 0 200 0 300 0 400 0 500 0 600 0 700 0 800 0 900 0
0 100 100 100 200 100 300 100 400 100 500 100 600 100 700 100 800 100 900 100
0 200 100 200 200 200 300 200 400 200 500 200 600 200 700 200 800 200 900 200
0 300 100 300 200 300 300 300 400 300 500 300 600 300 700 300 800 300 900 300