0 0 0.280344
0 1 0.180520
0 2 0.231178
0 3 0.072102
0 4 0.068955
0 5 0.071006
0 6 0.032096
0 7 0.031803
0 8 0.031997
1 0 0.240861
1 1 0.292087
1 2 0.149376
1 3 0.073980
1 4 0.075123
1 5 0.068958
1 6 0.033337
1 7 0.033440
1 8 0.032838
2 0 0.205768
2 1 0.133778
2 2 0.319555
2 3 0.078599
2 4 0.071772
2 5 0.082187
2 6 0.036251
2 7 0.035506
2 8 0.036585
3 0 0.045953
3 1 0.045026
3 2 0.045638
3 3 0.267718
3 4 0.172389
3 5 0.220766
3 6 0.068855
3 7 0.065849
3 8 0.067808
4 0 0.047489
4 1 0.047817
4 2 0.045945
4 3 0.229723
4 4 0.278580
4 5 0.142468
4 6 0.070559
4 7 0.071649
4 8 0.065770
5 0 0.051104
5 1 0.048878
5 2 0.052156
5 3 0.195661
5 4 0.127207
5 5 0.303859
5 6 0.074738
5 7 0.068247
5 8 0.078150
6 0 0.028745
6 1 0.028568
6 2 0.028686
6 3 0.052667
6 4 0.051604
6 5 0.052305
6 6 0.306831
6 7 0.197575
6 8 0.253019
7 0 0.029938
7 1 0.030000
7 2 0.029635
7 3 0.054589
7 4 0.054966
7 5 0.052813
7 6 0.264066
7 7 0.320227
7 8 0.163767
8 0 0.032763
8 1 0.032305
8 2 0.032965
8 3 0.059182
8 4 0.056603
8 5 0.060400
8 6 0.226585
8 7 0.147312
8 8 0.351884
