9
0.280344 0.240861 0.205768 0.045953 0.047489 0.051104 0.028745 0.029938 0.032763 0.372617
0.180520 0.292087 0.133778 0.045026 0.047817 0.048878 0.028568 0.030000 0.032305 0.358209
0.231178 0.149376 0.319555 0.045638 0.045945 0.052156 0.028686 0.029635 0.032965 0.373830
0.072102 0.073980 0.078599 0.267718 0.229723 0.195661 0.052667 0.054589 0.059182 0.842872
0.068955 0.075123 0.071772 0.172389 0.278580 0.127207 0.051604 0.054966 0.056603 0.750070
0.071006 0.068958 0.082187 0.220766 0.142468 0.303859 0.052305 0.052813 0.060400 0.856622
0.032096 0.033337 0.036251 0.068855 0.070559 0.074738 0.306831 0.264066 0.226585 2.182342
0.031803 0.033440 0.035506 0.065849 0.071649 0.068247 0.197575 0.320227 0.147312 1.743075
0.031997 0.032838 0.036585 0.067808 0.065770 0.078150 0.253019 0.163767 0.351884 2.254065
