0 0 1538060147 1070723369 0.000000
0 1 -34312310 1070013251 0.000000
0 2 1895441376 1070438204 0.000000
0 3 1835578108 1068660045 0.000000
0 4 -903467053 1068607233 0.000000
0 5 942187771 1068641646 0.000000
0 6 -2141419003 1067478743 0.000000
0 7 -1711297264 1067468915 0.000000
0 8 1829957636 1067475437 0.000000
1 0 -1607858980 1070519433 0.000000
1 1 -920902140 1070772621 0.000000
1 2 2028441119 1069751998 0.000000
1 3 -383776709 1068691544 0.000000
1 4 -857197399 1068710714 0.000000
1 5 -25166023 1068607296 0.000000
1 6 -558320739 1067520408 0.000000
1 7 1829107540 1067523853 0.000000
1 8 -1643552578 1067503649 0.000000
2 0 -317119010 1070225050 0.000000
2 1 100488541 1069621153 0.000000
2 2 -1201484778 1070887829 0.000000
2 3 51099926 1068769039 0.000000
2 4 -1792656537 1068654501 0.000000
2 5 678398058 1068829237 0.000000
2 6 77498457 1067618169 0.000000
2 7 1795325061 1067593178 0.000000
2 8 2141959085 1067629371 0.000000
3 0 354491551 1067943717 0.000000
3 1 1025169042 1067912616 0.000000
3 2 -1238010188 1067933137 0.000000
3 3 -1059004890 1070670408 0.000000
3 4 471750170 1069945047 0.000000
3 5 -1827568674 1070350859 0.000000
3 6 843554076 1068605561 0.000000
3 7 904246673 1068555128 0.000000
3 8 -1313420339 1068587990 0.000000
4 0 -460145362 1067995271 0.000000
4 1 -2059718400 1068006280 0.000000
4 2 2033925334 1067943437 0.000000
4 3 -678818805 1070426000 0.000000
4 4 -691028788 1070715969 0.000000
4 5 -345109021 1069694053 0.000000
4 6 -1684179292 1068634149 0.000000
4 7 134194830 1068652433 0.000000
4 8 -1985010118 1068553797 0.000000
5 0 -727274413 1068116572 0.000000
5 1 -127445793 1068041864 0.000000
5 2 825014426 1068151872 0.000000
5 3 -1933104852 1070140266 0.000000
5 4 1777343185 1069566031 0.000000
5 5 1102298599 1070821995 0.000000
5 6 1789377792 1068704267 0.000000
5 7 -285952767 1068595355 0.000000
5 8 -1291275896 1068761508 0.000000
6 0 -1867862449 1067282244 0.000000
6 1 -563978388 1067270403 0.000000
6 2 1389406408 1067278273 0.000000
6 3 1917945411 1068168991 0.000000
6 4 -913165179 1068133346 0.000000
6 5 1871798063 1068156866 0.000000
6 6 651904176 1070834462 0.000000
6 7 -262042115 1070156321 0.000000
6 8 -1352174166 1070608759 0.000000
7 0 -1961072550 1067362319 0.000000
7 1 711852011 1067366464 0.000000
7 2 -1431124538 1067341973 0.000000
7 3 1547332287 1068233491 0.000000
7 4 -1126351931 1068246145 0.000000
7 5 -501723791 1068173907 0.000000
7 6 1833906278 1070655092 0.000000
7 7 -625928651 1070890648 0.000000
7 8 -2060726257 1069872718 0.000000
8 0 -602323548 1067501139 0.000000
8 1 1225453917 1067485771 0.000000
8 2 -2083943346 1067507929 0.000000
8 3 1889787723 1068387597 0.000000
8 4 -644721444 1068301081 0.000000
8 5 -268338983 1068428475 0.000000
8 6 -308894539 1070399680 0.000000
8 7 -1043729603 1069734686 0.000000
8 8 -1410660868 1071023428 0.000000
